0.0308540223844279
0.0547693269373206
0.0832083010335312
0.117678834520832
0.160477622158927
0.205613317464911
0.257478384092331
0.316754594593552
0.378413204377771
0.446838871415549
0.569200715129715
0.628951996652235
0.692165733984180
0.747236293172139
0.781579551904705
0.812181929465577
0.842632103723634
0.872750912117953
0.900126838803330
0.924535337390189
0.945387595633551
0.963537270307682
0.979858705427748
0.991515151226273
0.999274832519634
0.996947942479537
0.992526531928668
0.982239064916214
0.969090718027975
0.953823554371101
0.938080537797973
0.920165299174096
0.898152143664739
0.872893873357268
0.840084030234360
0.810411803602313
0.775838024917685
0.746121332526732
0.710321779171146
0.684496877867418
0.652901291406597
0.619956789073880
0.589489153457528
0.557880007183599
0.516942214585813
0.467453770878933
0.435641205869694
0.395638587292805
0.364738431605020
0.318909390786009
0.281658633782596
0.254681509585507
0.229768340612247
0.212021717452373
0.199373467035282
0.195290033502443
0.194451560473019
0.194902810834679
0.197447008701584
0.198883309371355
0.200834265898761
0.204591160155611
0.207108865588304
0.209746850491073
0.210024150352794
0.208871527533027
0.206852554707005
0.205106714330168
0.203289076004258
0.201084913599815
0.201449373430472
0.201825509688733
0.201063194255609
0.199598571234047
0.192974765895419
0.178676559476280
0.164393141785696
0.151675958955533
0.145335673118474
0.138155584078217
0.129810000535844
0.125941855037493
0.122587322423001
0.118561395221283
0.114077476174687
0.106690068655356
0.0994269034003406
0.0929546300306392
0.0880788041568199
0.0846129069161775
0.0807482584057063
0.0764346860448995
0.0691204520531800
0.0586608325804164
0.0473636548908952
0.0359365023861290
0.0261547048307787
0.0188299101634845
0.0110535451187275
0.00352321653252107