17.5227091321035
32.10931398860055
54.61807808823232
74.0245632120484
98.49835615455561
123.89038084725487
152.96588902712492
171.62017752794839
187.01473315662844
198.22370170252606
213.5639044036219
226.30539461501428
236.1647716912306
243.64055633815593
251.48953566719916
255.8372372406942
256.381507032766
255.5761719991715
252.26801104823147
248.5851760213792
245.2003329780718
234.91209314160062
221.18181582309631
215.99399179875664
203.2212448386086
198.3779430112205
185.6409289688066
174.20279107090846
162.94225895808367
149.91556477555193
142.8937819234548
134.5707202084063
127.03772954183191
120.62058147457682
114.94628685053755
108.89877832846099
105.2867540583596
101.93557355816728
99.67218738389249
99.30641014928602
100.03730173333417
99.29072760333901
97.02694213769564
94.17077467931136
90.88093985301296
90.0449319824715
88.0126834709985
85.24247753359225
77.81833867050094
70.41362408146895
66.08012509223428
60.27590534302459
58.58105803796818
56.180735483131684
53.29917295807695
50.536587357417204
47.70684508532321
45.93531568789945
43.3191029074722
38.64250257628572
33.085828733317044
26.375813256363415
21.817233461617832
18.951460220763238